123045430
193045101
20005585
20005585
193049682
193050199
20006501
20006501
20004657
20004657
20005583
20005583
20001398
20001398
20001445
20001445
20003739
20003739
20006451
20006451
20006449
20006449
20003991
20003991
20004027
20004027
20004031
20004031
20004037
20004037
20004059
20004059
20004277
20004277
20004523
20004523
20004549
20004549
20004551
20004551
20004601
20004601
20004751
20004751
20004821
20004821
20004857
20004857
20004873
20004873
20004955
20004955
20006771
20006771
20005047
20005047
20005063
20005063
20005159
20005159
20005171
20005171
20005193
20005193
20005225
20005225
20005261
20005261
20005317
20005317
1000004849
1000004963
20005931
20005931
20005715
20005715
20005809
20005809
20005841
20005841
20005843
20005843
20005923
20005923
1000005161
20005961
20005961
20006161
20006161
20006059
20006059
20006061
20006061
20006079
20006079
20006093
20006093
1000005323
20006153
20006153
20006233
20006233
20006241
20006241
1000005461
20006403
20006403
20006443
20006443
1000005593
1000005637
20006575
20006575
20006577
20006577
1000005657
20006607
20006607
20006609
20006609
20006611
20006611
20007509
20007509
20006723
20006723
1000005759
1000005769
20007169
20007169
20006799
20006799
20006951
20006951
20006825
20006825
1000005865
20006897
20006897
1000005899
1000005905
20006909
20006909
20006931
20006931
1000005925
1000005929
20006957
20006957
1000005957
1000005959
1000005965
1000005967
1000005971
20007009
20007009
20007015
20007015
20007027
20007027
20007035
20007035
1000006027
1000006035
1000006037
1000006049
1000006053
1000006061
1000006063
1000006067
1000006079
1000006083
1000006085
1000006087
1000006089
1000006103
1000006105
1000006107
1000006109
1000006117
1000006119
1000006127
1000006129
1000006151
1000006153
20007295
20007295
1000006159
1000006163
1000006165
20007323
20007323
1000006171
1000006177
20007391
20007391
1000006217
1000006221
1000006231
1000006233
1000006235
1000006237
1000006239
1000006273
1000006283
1000006303
1000006307
1000006309
1000006313
1000006315